lr0: 0.00106
momentum: 0.937
weight_decay: 0.00058
giou: 0.05296
cls: 0.51812
cls_pw: 0.94486
obj_pw: 0.97614
obj: 0.93282
iou_t: 0.2
anchor_t: 3.92432
fl_gamma: 0.0
hsv_h: 0.015
hsv_s: 0.687
hsv_v: 0.37396
degrees: 0.0
translate: 0.0
scale: 0.4148
shear: 0.0
perspective: 0.0
flipud: 0.0
fliplr: 0.46085
mixup: 0.0
